[MSKO]
45000
44000
43000
42000
41000
40000
39000
38000
37000
36000
35000
34000
33000
32000
31000
[NERI]
192600
191600
190600
189600
188600
187600
186600
185600
184600
183600
182600
181600
180600
179600
178600
[SSGS]
35000
34000
33000
32000
31000
30000
29000
28000
27000
26000
25000
24000
23000
22000
21000
[GRPW]
52200
51200
50200
49200
48200
47200
46200
45200
44200
43200
42200
41200
40200
39200
38200
[BLWV]
52800
51800
50800
49800
48800
47800
46800
45800
44800
43800
42800
41800
40800
39800
38800
[OMGA]
82800
81800
80800
79800
78800
77800
76800
75800
74800
73800
72800
71800
70800
69800
68800
[SLRM]
38800
37800
36800
35800
34800
33800
32800
31800
30800
29800
28800
27800
26800
25800
24800
[NXTL]
73800
72800
71800
70800
69800
68800
67800
66800
65800
64800
63800
62800
61800
60800
59800
[CHYG]
53800
52800
51800
50800
49800
48800
47800
46800
45800
44800
43800
42800
41800
40800
39800
[KWNG]
52400
51400
50400
49400
48400
47400
46400
45400
44400
43400
42400
41400
40400
39400
38400
[PPHT]
33000
32000
31000
30000
29000
28000
27000
26000
25000
24000
23000
22000
21000
20000
19000
[YEGC]
52200
51200
50200
49200
48200
47200
46200
45200
44200
43200
42200
41200
40200
39200
38200
[RBNX]
64400
63400
62400
61400
60400
59400
58400
57400
56400
55400
54400
53400
52400
51400
50400
[WDUV]
128600
127600
126600
125600
124600
123600
122600
121600
120600
119600
118600
117600
116600
115600
114600
[DMFL]
53000
52000
51000
50000
49000
48000
47000
46000
45000
44000
43000
42000
41000
40000
39000
[ARON]
117800
116800
115800
114800
113800
112800
111800
110800
109800
108800
107800
106800
105800
104800
103800
[HPMB]
281000
280000
279000
278000
277000
276000
275000
274000
273000
272000
271000
270000
269000
268000
267000
